ix:38:
iy:38:
fx:39:
fy:36:
