ix:0:
iy:1:
fx:30:
fy:30:
