ix:0:
iy:1:
fx:39:
fy:39:
