ix:0:
iy:1:
fx:10:
fy:10:
